AUROC=0.980734
AP=0.928416
ACC@0.5=0.883488
TP=40648
TN=129541
FP=21915
FN=529
